cosfire_72bit_lr0p01: 0.9999999999999996
cosfire_8bit_lr0p01: 0.9999999999999996